000333 美的集团 日线 不复权
      日期	    开盘	    最高	    最低	    收盘	    成交量	    成交额
2013-09-18,40.50,46.40,39.88,42.24,38889754,1681303424.00
2013-09-23,41.90,46.46,40.67,46.20,31851606,1406017536.00
2013-09-24,45.49,46.15,44.40,44.61,20004514,901506368.00
2013-09-25,44.01,47.14,44.00,45.05,17165136,781787200.00
2013-09-26,44.65,45.07,42.45,43.00,14680801,640034816.00
2013-09-27,43.00,44.30,42.67,43.00,8561465,372250400.00
2013-09-30,42.99,43.80,42.88,43.24,7668272,331344576.00
2013-10-08,43.00,45.21,42.90,44.99,11112977,493442848.00
2013-10-09,44.65,45.54,44.00,44.68,8305418,370734080.00
2013-10-10,44.50,46.36,44.14,45.71,15625661,708889920.00
2013-10-11,46.00,46.05,45.25,45.53,7969766,363516960.00
2013-10-14,45.52,46.33,44.60,46.00,9646785,441424928.00
2013-10-15,46.00,46.00,44.85,45.15,9241988,419089536.00
2013-10-16,44.76,45.88,43.70,44.67,8918362,397199776.00
2013-10-17,44.68,45.10,44.22,44.61,5552669,247582784.00
2013-10-18,44.52,46.80,44.30,46.01,10420989,478846144.00
2013-10-21,46.20,48.10,45.68,47.85,13565868,638065984.00
2013-10-22,47.40,48.31,46.88,47.42,8214741,390719936.00
2013-10-23,47.47,48.43,45.90,46.09,8729030,407798432.00
2013-10-24,46.00,49.60,45.84,47.50,12218451,583397312.00
2013-10-25,47.43,48.85,47.11,47.70,10233626,490068576.00
2013-10-28,47.97,49.50,47.50,49.47,10446741,508354432.00
2013-10-29,49.10,49.68,48.01,48.93,9652552,469601280.00
2013-10-30,49.01,50.66,48.65,50.17,12128524,604865216.00
2013-10-31,50.68,50.80,47.93,48.40,10073288,491851072.00
2013-11-01,47.79,48.79,47.33,47.76,7205717,344516576.00
2013-11-04,47.60,48.50,47.60,47.99,4962214,238322432.00
2013-11-05,47.52,48.41,47.08,48.19,5475095,261530176.00
2013-11-06,47.98,48.23,46.21,46.75,6025131,284031680.00
2013-11-07,46.52,46.93,45.16,46.22,6205677,283865728.00
2013-11-08,45.80,46.20,45.33,45.66,3341133,153053744.00
2013-11-11,45.69,46.00,44.61,45.78,3580989,162564576.00
2013-11-12,45.88,47.02,45.50,46.35,6472993,301452128.00
2013-11-13,45.86,46.34,45.50,45.50,3048409,139594992.00
2013-11-14,45.55,46.32,44.67,46.00,5436007,246139984.00
2013-11-15,45.87,47.06,45.61,46.20,6421521,298879168.00
2013-11-18,46.35,47.08,46.10,46.89,4983041,232323744.00
2013-11-19,46.88,47.50,46.51,46.97,5316174,250109360.00
2013-11-20,47.48,47.48,46.41,46.68,4172673,195299680.00
2013-11-21,46.70,46.70,45.05,45.71,6602904,300714496.00
2013-11-22,45.85,46.85,45.66,46.58,4428863,205574944.00
2013-11-25,45.83,46.31,45.58,45.96,6320252,289730112.00
2013-11-26,45.91,47.20,45.70,47.19,7858305,367247552.00
2013-11-27,47.20,47.29,46.25,46.59,5417393,252670208.00
2013-11-28,46.60,47.97,46.60,47.67,7237994,343994304.00
2013-11-29,47.52,48.00,47.28,47.91,5125945,244627680.00
2013-12-02,47.02,47.19,46.03,46.13,6513376,304178432.00
2013-12-03,46.00,47.09,46.00,47.02,5606801,261874432.00
2013-12-04,47.00,48.40,46.80,47.94,5726006,274690880.00
2013-12-05,48.06,48.88,47.89,48.54,5473742,265569520.00
2013-12-06,48.59,48.63,47.73,48.40,3844333,185057344.00
2013-12-09,48.45,48.97,47.95,48.49,4707669,227857520.00
2013-12-10,48.80,50.47,48.80,49.68,10813891,538909440.00
2013-12-11,49.45,50.00,47.84,48.38,6295245,309155360.00
2013-12-12,48.20,49.49,47.68,49.31,4568478,221437136.00
2013-12-13,48.51,50.90,48.42,50.15,10987469,551962432.00
2013-12-16,50.14,51.50,49.80,49.91,9577462,485809120.00
2013-12-17,49.96,50.10,48.92,49.00,6405805,315460832.00
2013-12-18,48.98,50.50,48.50,50.49,6406127,318806464.00
2013-12-19,50.75,51.38,49.89,49.89,6346406,320375904.00
2013-12-20,49.60,52.00,49.41,51.78,20368231,1029695744.00
2013-12-23,51.20,51.70,50.01,50.35,7054117,357126336.00
2013-12-24,50.80,51.17,49.77,50.81,6575973,330453344.00
2013-12-25,51.00,51.12,50.14,50.40,4262422,215560128.00
2013-12-26,50.16,50.20,47.58,48.45,10590937,515988352.00
2013-12-27,48.00,50.30,47.82,49.78,7452613,366987488.00
2013-12-30,49.78,50.54,49.41,49.50,4380030,218806912.00
2013-12-31,49.41,50.10,48.26,50.00,5985944,294099104.00
2014-01-02,49.40,49.82,48.60,48.92,3946290,193220272.00
2014-01-03,48.40,48.80,47.11,48.07,7584577,362396320.00
2014-01-06,47.88,47.98,46.36,46.61,5992569,279878528.00
2014-01-07,46.20,47.18,46.20,46.46,3440935,160580656.00
2014-01-13,46.00,48.50,45.80,46.50,7394698,346958976.00
2014-01-14,46.50,48.06,46.33,48.01,5011533,237738080.00
2014-01-15,47.70,49.05,47.51,48.40,4306796,208692016.00
2014-01-16,48.39,49.04,47.81,48.32,4245118,205606080.00
2014-01-17,48.05,48.32,46.67,46.90,4019015,190432272.00
2014-01-20,46.89,47.84,46.51,47.51,3816813,180827664.00
2014-01-21,47.50,47.80,46.78,47.00,4335520,204014336.00
2014-01-22,47.05,47.97,46.85,47.76,4317868,205238256.00
2014-01-23,47.73,49.13,47.32,48.38,5500074,265863456.00
2014-01-24,48.38,49.26,47.80,48.61,5036662,245337712.00
2014-01-27,48.31,48.35,47.15,47.36,5422290,258565264.00
2014-01-28,47.83,48.28,47.30,47.91,3708992,177707760.00
2014-01-29,48.25,48.37,47.50,47.79,4006927,191411776.00
2014-01-30,47.88,47.90,46.51,46.86,5455584,256146016.00
2014-02-07,46.41,46.41,44.90,45.71,9233260,419470272.00
2014-02-10,45.69,47.00,45.40,46.55,7058080,327990400.00
2014-02-11,46.52,46.52,45.50,45.95,6658013,305636960.00
2014-02-12,46.00,47.19,45.66,46.75,6370454,296686592.00
2014-02-13,46.81,46.81,45.70,46.15,6856965,317109248.00
2014-02-14,45.89,46.53,45.81,46.29,3965343,182979760.00
2014-02-17,46.35,46.58,46.00,46.50,5650256,260881616.00
2014-02-18,46.39,46.39,45.66,45.99,4122529,189272112.00
2014-02-19,46.00,46.38,45.50,46.08,4387068,202089728.00
2014-02-20,46.06,46.17,44.70,44.91,8485159,383520512.00
2014-02-21,44.95,45.25,44.48,44.70,4792501,214409184.00
2014-02-24,44.50,44.60,40.30,41.92,13622311,569681728.00
2014-02-25,41.80,41.80,40.28,40.34,15201359,619138432.00
2014-02-26,40.09,40.19,39.00,39.26,11431274,450989056.00
2014-02-27,39.43,39.59,37.74,38.16,14095849,541012992.00
2014-02-28,38.20,38.95,37.78,38.94,7978905,308076480.00
2014-03-03,38.50,40.30,38.50,39.92,6523906,258418192.00
2014-03-04,39.59,39.59,38.45,38.88,5829695,226270208.00
2014-03-05,39.00,39.60,38.55,38.80,4445050,173812816.00
2014-03-06,38.80,41.01,38.61,40.65,11662673,468521568.00
2014-03-07,40.69,41.34,40.32,40.49,5513560,225197536.00
2014-03-10,40.00,41.90,39.75,40.64,10274375,423278112.00
2014-03-11,41.05,42.66,41.05,41.76,10879544,457655968.00
2014-03-12,42.25,42.45,41.36,42.07,6409232,268506560.00
2014-03-13,42.13,42.36,41.35,41.80,4887819,204431520.00
2014-03-14,41.77,42.28,41.01,41.80,4250563,177624032.00
2014-03-17,41.90,43.05,41.43,43.00,7580905,321709312.00
2014-03-18,43.69,43.80,42.07,42.11,7197754,306533792.00
2014-03-19,41.88,42.00,40.50,41.04,5273720,216781120.00
2014-03-20,41.04,41.65,39.55,39.79,7425367,299716608.00
2014-03-21,39.79,41.05,39.78,40.85,4279616,173385632.00
2014-03-24,40.57,41.36,40.33,41.16,4198265,171713632.00
2014-03-25,40.98,42.04,40.70,41.44,4006743,166315504.00
2014-03-26,41.41,42.50,41.41,42.28,4138661,174364928.00
2014-03-27,42.28,42.44,41.75,42.12,4038076,170231824.00
2014-03-28,42.21,43.50,42.21,42.85,7861031,337750208.00
2014-03-31,47.14,47.14,44.79,45.08,32394664,1495925760.00
2014-04-01,45.08,47.43,44.29,47.02,24292441,1127692928.00
2014-04-02,47.16,47.85,46.20,46.31,16536316,771714368.00
2014-04-03,46.50,47.47,45.36,46.10,17307908,804169472.00
2014-04-04,45.68,46.36,45.03,46.01,12139030,555344064.00
2014-04-08,45.90,47.01,45.42,46.75,15452763,718320768.00
2014-04-09,47.00,47.44,46.52,46.84,13011942,610865920.00
2014-04-10,47.02,47.05,46.02,46.59,13733126,638814208.00
2014-04-11,46.69,48.26,46.61,47.90,21234877,1011449984.00
2014-04-14,47.75,47.95,47.11,47.34,10648103,505394752.00
2014-04-15,47.46,47.46,45.80,45.90,12848818,595582848.00
2014-04-16,45.60,46.18,45.60,46.16,6653570,305679104.00
2014-04-17,46.21,46.86,46.20,46.34,6163692,287072384.00
2014-04-18,46.10,46.85,45.70,46.70,5463762,253230784.00
2014-04-21,46.20,46.65,45.89,46.00,6780069,313220640.00
2014-04-22,45.90,46.16,44.13,45.15,11551874,519669824.00
2014-04-23,45.81,46.90,45.72,46.10,10679217,495039648.00
2014-04-24,45.99,47.27,45.52,47.17,11668019,544749632.00
2014-04-25,47.39,47.57,46.75,47.01,9257239,436514880.00
2014-04-28,47.00,47.23,44.99,46.44,9554304,438749344.00
2014-04-29,46.70,47.89,45.89,46.99,18898228,889389056.00
2014-04-30,17.88,17.89,17.14,17.27,27266615,477911360.00
2014-05-05,17.23,17.69,16.81,17.55,21753274,373521696.00
2014-05-06,17.40,17.60,17.05,17.15,16311170,282295296.00
2014-05-07,17.05,17.06,16.68,16.70,19678369,331937440.00
2014-05-08,16.68,17.20,16.51,16.84,18181371,307329056.00
2014-05-09,16.80,17.19,16.67,17.13,15784010,267805024.00
2014-05-13,17.34,17.60,17.12,17.20,17418500,302106720.00
2014-05-14,17.15,17.41,17.04,17.28,11312073,194726032.00
2014-05-15,17.11,17.21,16.93,17.01,14727148,251184080.00
2014-05-16,16.95,17.15,16.91,17.10,7755588,131990808.00
2014-05-19,16.80,16.95,16.51,16.61,13631941,226902016.00
2014-05-20,16.75,16.98,16.42,16.59,10190460,169399520.00
2014-05-21,16.47,16.64,16.31,16.57,8026694,132486376.00
2014-05-22,16.58,16.98,16.54,16.76,13124680,220767312.00
2014-05-23,16.72,16.98,16.71,16.90,6367841,107501560.00
2014-05-26,16.99,17.21,16.82,17.00,11055121,188275440.00
2014-05-27,17.03,17.13,16.91,16.94,8770007,149169472.00
2014-05-28,16.94,17.41,16.80,17.33,18277634,313602048.00
2014-05-29,17.26,17.59,17.26,17.32,13825024,241014496.00
2014-05-30,17.33,17.55,17.32,17.42,10916008,190497328.00
2014-06-03,17.47,17.85,17.46,17.63,11990267,212061216.00
2014-06-04,17.66,17.69,17.20,17.32,9268427,161046976.00
2014-06-05,17.31,17.59,17.19,17.49,8846945,154040848.00
2014-06-06,17.48,17.68,17.39,17.50,7765464,136259808.00
2014-06-09,17.66,17.85,17.38,17.57,11145844,196866688.00
2014-06-10,17.62,18.37,17.62,18.26,33065042,596238080.00
2014-06-11,18.20,18.41,18.03,18.34,19235725,351856672.00
2014-06-12,18.30,18.56,18.12,18.43,18973154,349885760.00
2014-06-13,18.50,19.29,18.50,19.07,29482903,561738432.00
2014-06-16,19.08,19.27,18.88,19.09,22383940,427953888.00
2014-06-17,19.09,19.09,18.45,18.53,22029781,412162272.00
2014-06-18,18.50,18.65,18.21,18.33,12794076,235716464.00
2014-06-19,18.33,18.54,18.07,18.48,15163221,277827104.00
2014-06-20,18.40,18.50,18.21,18.37,14334880,263139552.00
2014-06-23,18.43,18.47,17.98,18.00,18846585,342704672.00
2014-06-24,18.03,18.32,17.82,18.27,11460184,207800640.00
2014-06-25,18.29,18.32,18.01,18.28,11074109,201384016.00
2014-06-26,18.28,18.76,18.20,18.67,12718902,236114256.00
2014-06-27,18.68,19.26,18.61,19.20,22721156,433543072.00
2014-06-30,19.21,19.76,19.16,19.32,21897483,425902560.00
2014-07-01,19.29,19.29,18.77,18.89,20460096,387643360.00
2014-07-02,18.91,19.38,18.90,19.30,20539917,394569568.00
2014-07-03,19.19,19.77,19.15,19.56,18693234,366741344.00
2014-07-04,19.53,19.65,19.32,19.56,11167221,217746176.00
2014-07-07,19.56,19.56,19.10,19.22,12343791,237354960.00
2014-07-08,19.22,19.39,18.87,19.37,14699808,280774720.00
2014-07-09,19.30,19.31,18.85,18.99,11777864,224093024.00
2014-07-10,18.93,19.07,18.83,18.85,9179462,173468304.00
2014-07-11,18.81,19.06,18.66,19.00,13970186,264004192.00
2014-07-14,18.99,19.13,18.70,19.11,13777834,259984672.00
2014-07-15,19.31,19.60,19.18,19.30,17368896,336158624.00
2014-07-16,19.36,19.36,18.91,19.02,10351296,197410320.00
2014-07-17,19.02,19.15,18.90,19.01,7502005,142503920.00
2014-07-18,18.90,19.30,18.80,19.26,13017917,249317184.00
2014-07-21,19.21,19.48,19.16,19.22,10922202,211067008.00
2014-07-22,19.14,19.56,19.13,19.31,14758162,286586784.00
2014-07-23,19.31,19.48,19.13,19.36,12177776,234917264.00
2014-07-24,19.36,20.15,19.35,20.10,33685363,667305280.00
2014-07-25,20.15,20.35,19.91,20.20,20875503,420956576.00
2014-07-28,20.35,21.10,20.25,21.03,29942430,621315136.00
2014-07-29,21.10,21.44,20.80,20.91,23137218,487003200.00
2014-07-30,20.86,21.19,20.64,20.76,16730802,348585472.00
2014-07-31,20.76,21.40,20.68,21.38,17369542,366621472.00
2014-08-01,21.31,22.00,21.21,21.46,20773805,448924352.00
2014-08-04,21.46,21.95,21.46,21.93,17023942,369586016.00
2014-08-05,21.92,22.18,21.61,21.75,20265131,442545600.00
2014-08-06,21.62,21.64,21.08,21.30,22883444,486200000.00
2014-08-07,21.29,21.50,20.86,20.92,24027691,507362144.00
2014-08-08,20.90,21.30,20.90,21.21,14042749,296334496.00
2014-08-11,21.20,21.37,21.08,21.30,14215701,301969120.00
2014-08-12,21.26,21.26,20.92,21.00,20833584,437355872.00
2014-08-13,20.96,21.20,20.92,21.08,14055961,295815840.00
2014-08-14,21.10,21.26,20.87,21.04,12292236,258775056.00
2014-08-15,21.05,21.22,20.95,21.15,12492294,263661232.00
2014-08-18,21.22,21.61,21.22,21.53,15187348,325124320.00
2014-08-19,21.99,22.29,21.80,21.90,29747331,655245312.00
2014-08-20,21.92,22.03,21.66,21.92,15353391,335355808.00
2014-08-21,21.84,21.88,21.48,21.85,17737408,384433056.00
2014-08-22,21.85,22.80,21.78,22.66,28246001,633692160.00
2014-08-25,22.70,22.74,22.30,22.38,14404026,323359392.00
2014-08-26,22.30,22.34,21.69,21.90,17533485,385078048.00
2014-08-27,21.89,22.21,21.83,22.11,10147588,223814800.00
2014-08-28,22.12,22.15,21.76,21.80,12905541,282559104.00
2014-08-29,21.82,22.10,21.78,22.00,6834499,149869232.00
2014-09-01,21.99,22.30,21.81,22.22,10760479,238085728.00
2014-09-02,22.26,22.44,22.15,22.36,18414539,410640960.00
2014-09-03,22.38,22.54,22.16,22.31,21104512,470988384.00
2014-09-04,22.25,22.26,21.92,22.03,29144131,641314560.00
2014-09-05,22.04,22.26,22.00,22.25,20898472,462841184.00
2014-09-09,22.26,22.32,21.90,21.97,17677094,388660864.00
2014-09-10,21.90,21.90,21.53,21.58,24581210,532903616.00
2014-09-11,21.58,21.88,21.38,21.45,26731446,576701504.00
2014-09-12,21.42,21.63,21.38,21.59,13222471,283989728.00
2014-09-15,21.44,21.44,20.78,21.05,32137879,675610240.00
2014-09-16,21.00,21.16,20.73,20.74,20126228,420711904.00
2014-09-17,20.99,20.99,20.70,20.90,11769439,244946400.00
2014-09-18,20.80,21.19,20.72,20.98,16288029,341002432.00
2014-09-19,21.00,21.02,20.41,20.81,17639032,365997056.00
2014-09-22,20.75,20.75,20.21,20.25,24076496,490006688.00
2014-09-23,20.20,20.45,20.11,20.40,15866232,322241056.00
2014-09-24,20.40,20.75,20.25,20.70,21678315,444010464.00
2014-09-25,20.76,21.05,20.71,20.77,19178809,399710656.00
2014-09-26,20.70,20.73,20.41,20.54,13260025,272262240.00
2014-09-29,20.38,20.44,19.71,19.81,58352873,1160256256.00
2014-09-30,19.82,19.95,19.72,19.89,20026996,396879616.00
2014-10-08,19.94,20.29,19.91,20.29,24190755,486573184.00
2014-10-09,20.33,20.47,20.13,20.23,18472230,374680736.00
2014-10-10,20.15,20.26,20.01,20.05,17755804,356663712.00
2014-10-13,19.95,19.97,19.60,19.92,18133261,358653792.00
2014-10-14,19.87,19.96,19.75,19.87,13716955,272146624.00
2014-10-15,19.83,20.18,19.82,20.12,19314527,386898528.00
2014-10-16,20.00,20.43,19.91,20.24,27265863,551678016.00
2014-10-17,20.30,20.50,20.07,20.41,24324812,493682752.00
2014-10-20,20.56,20.77,20.33,20.44,18254209,374414880.00
2014-10-21,20.40,20.52,20.14,20.16,14236804,289347104.00
2014-10-22,20.16,20.50,20.11,20.41,15204845,309262016.00
2014-10-23,20.42,20.67,20.23,20.29,18539980,379641888.00
2014-10-24,20.35,20.35,19.70,20.01,21758729,433891584.00
2014-10-27,19.85,19.85,19.40,19.56,17452485,341714592.00
2014-10-28,19.60,19.88,19.59,19.85,14295847,282236256.00
2014-10-29,19.95,20.50,19.77,20.44,28175976,566019840.00
2014-10-30,20.46,20.54,20.09,20.14,22421591,454077088.00
2014-10-31,20.15,20.96,20.15,20.90,50759890,1048196544.00
2014-11-03,20.90,21.05,20.76,20.82,25264040,527023776.00
2014-11-04,20.81,20.81,20.46,20.65,22041243,454300512.00
2014-11-05,20.60,20.94,20.52,20.59,16282627,337430368.00
2014-11-06,20.60,20.74,20.08,20.23,28249464,572173120.00
2014-11-07,20.25,20.71,20.18,20.71,40603869,832550912.00
2014-11-10,20.81,21.72,20.61,21.70,55412709,1186099712.00
2014-11-11,21.76,21.99,21.33,21.85,60022711,1307188992.00
2014-11-12,21.86,22.48,21.61,22.21,35115726,777630464.00
2014-11-13,22.20,22.46,21.70,22.27,37529036,830110400.00
2014-11-14,22.15,22.45,21.99,22.15,26676138,591775936.00
2014-11-17,22.14,22.38,21.76,21.99,30596965,673208384.00
2014-11-18,21.86,21.97,21.24,21.41,23480725,505901088.00
2014-11-19,21.33,21.54,21.23,21.40,11780515,252146960.00
2014-11-20,21.30,21.38,21.13,21.35,11055839,234770864.00
2014-11-21,21.30,21.98,21.25,21.80,15963612,345562944.00
2014-11-24,22.50,22.53,21.88,22.12,33626687,746108864.00
2014-11-25,22.12,22.30,21.82,22.28,27006818,594468864.00
2014-11-26,22.29,22.50,22.00,22.40,30689736,681911296.00
2014-11-27,22.41,22.55,22.10,22.25,32629918,727138496.00
2014-11-28,22.20,22.27,21.66,22.11,31871006,697570752.00
2014-12-01,22.10,23.86,22.06,23.35,60456065,1409387392.00
2014-12-02,23.33,24.84,23.06,24.53,58727638,1415482624.00
2014-12-03,24.83,26.54,24.31,25.20,81694968,2085027840.00
2014-12-04,25.57,26.07,24.73,25.65,45637574,1160537856.00
2014-12-05,25.95,26.00,24.10,24.70,59345292,1480129280.00
2014-12-15,27.17,27.17,25.90,26.18,136735990,3634176768.00
2014-12-16,26.30,26.48,25.51,25.86,54345660,1405624704.00
2014-12-17,25.78,25.85,25.02,25.47,45381095,1153433600.00
2014-12-18,25.47,28.00,25.40,27.90,79474729,2153946368.00
2014-12-19,27.89,28.38,27.32,27.63,49447512,1374487040.00
2014-12-22,27.39,28.39,26.73,27.85,48149718,1320646144.00
2014-12-23,27.68,30.00,27.30,28.35,68282305,1978414080.00
2014-12-24,28.46,28.73,27.47,27.66,41371957,1156965632.00
2014-12-25,27.75,28.55,27.00,27.68,39073180,1083890816.00
2014-12-26,27.80,28.69,27.12,28.33,42035900,1168808576.00
2014-12-29,28.40,29.30,27.30,27.64,41842144,1175422336.00
2014-12-30,27.70,27.72,26.51,26.84,40508324,1094935808.00
2014-12-31,26.84,27.50,26.70,27.44,34814204,946378240.00
2015-01-05,27.88,30.10,27.88,29.88,97408991,2869142784.00
2015-01-06,29.86,32.49,29.46,31.71,87127770,2743939072.00
2015-01-07,31.72,32.33,30.92,31.65,36827428,1158683520.00
2015-01-08,31.46,32.76,30.90,32.10,53117488,1697994880.00
2015-01-09,31.97,32.80,31.09,31.11,43316849,1390729216.00
2015-01-12,31.08,32.65,30.50,32.02,43823471,1396137856.00
2015-01-13,32.01,33.48,31.51,33.20,45576502,1491650048.00
2015-01-14,33.39,33.40,31.40,31.88,36526991,1177625984.00
2015-01-15,31.85,32.45,31.05,32.05,30902757,978807936.00
2015-01-16,32.00,32.05,31.15,31.48,37834397,1188067584.00
2015-01-19,30.00,31.00,28.33,29.47,61883378,1831044736.00
2015-01-20,29.51,30.87,29.48,30.50,44534828,1341859200.00
2015-01-21,30.56,31.42,30.09,31.18,38473000,1182623488.00
2015-01-22,31.19,31.38,30.50,30.86,26107290,806314048.00
2015-01-23,30.89,31.28,30.31,30.50,26872719,822756800.00
2015-01-26,30.80,31.09,30.54,30.80,24519211,755111168.00
2015-01-27,31.02,31.30,30.25,30.85,35751833,1102678144.00
2015-01-28,30.45,30.81,30.06,30.38,22639316,688043456.00
2015-01-29,29.63,30.30,29.60,29.90,23934492,714512256.00
2015-01-30,29.96,30.90,29.95,30.03,26077875,794075648.00
2015-02-02,29.50,29.94,28.88,28.89,23259089,681058816.00
2015-02-03,29.46,29.50,29.00,29.37,17933455,524301376.00
2015-02-04,29.76,30.27,29.30,29.31,20930397,624896128.00
2015-02-05,30.00,30.49,29.00,29.00,29547882,881037120.00
2015-02-06,29.01,29.73,28.51,29.11,15643109,456274560.00
2015-02-09,29.18,29.99,29.01,29.56,18004002,531394688.00
2015-02-10,29.90,30.58,29.70,30.45,23668571,716106944.00
2015-02-11,30.80,30.80,30.22,30.37,16115712,491666592.00
2015-02-12,30.50,30.76,30.16,30.39,13467539,409651072.00
2015-02-13,30.51,30.76,30.14,30.33,22937091,697578112.00
2015-02-16,30.44,30.50,30.00,30.18,19525981,589192000.00
2015-02-17,30.30,31.84,30.10,31.59,38347961,1197468800.00
2015-02-25,31.90,32.35,31.30,31.79,36733475,1169279104.00
2015-02-26,31.66,31.79,31.12,31.75,18684346,588438208.00
2015-02-27,31.70,31.98,31.19,31.46,19939362,628723840.00
2015-03-02,31.54,31.83,31.14,31.46,26377669,829426880.00
2015-03-03,31.17,31.52,30.30,30.34,28407783,876160832.00
2015-03-04,30.30,31.14,30.15,30.80,24591449,754765696.00
2015-03-05,30.20,30.49,29.50,29.70,34709544,1034165952.00
2015-03-06,29.75,29.95,29.20,29.42,21417572,631626240.00
2015-03-09,29.00,30.00,28.80,29.98,25717020,754379072.00
2015-03-10,29.85,30.33,29.66,29.81,18973677,567670976.00
2015-03-11,29.82,30.97,29.81,30.97,32050462,984717504.00
2015-03-12,31.32,31.38,30.66,30.68,20273051,626647872.00
2015-03-13,30.69,31.50,30.60,31.00,19703512,610843520.00
2015-03-16,31.20,31.60,30.70,31.50,24284228,759688512.00
2015-03-17,31.75,31.78,31.20,31.47,29110958,914548672.00
2015-03-18,31.70,32.00,31.32,31.99,37977215,1202635520.00
2015-03-19,32.18,32.68,31.69,32.00,34273180,1097843456.00
2015-03-20,31.86,32.30,31.46,31.51,31521775,997473408.00
2015-03-23,31.81,32.57,31.60,32.21,31957728,1027188096.00
2015-03-24,32.61,32.78,31.53,32.09,39188921,1251489024.00
2015-03-25,31.60,31.83,31.40,31.54,28349878,894341760.00
2015-03-31,34.69,34.69,32.51,32.95,75600452,2544112384.00
2015-04-01,32.99,34.50,32.70,34.18,47880133,1625659264.00
2015-04-02,34.57,34.68,33.43,34.24,40829397,1388517376.00
2015-04-03,34.13,34.13,33.45,33.88,36814454,1241541760.00
2015-04-07,34.31,34.89,33.72,34.15,48914359,1669415808.00
2015-04-08,34.25,34.28,33.31,33.91,37363989,1263790208.00
2015-04-09,33.91,33.95,32.53,32.88,40755073,1347286912.00
2015-04-10,32.42,33.60,32.42,33.52,35420757,1173751424.00
2015-04-13,33.70,34.25,32.80,33.00,72082948,2402703104.00
2015-04-14,32.98,33.45,32.64,33.21,42832251,1414253568.00
2015-04-15,33.15,33.15,32.03,32.03,41864167,1364833408.00
2015-04-16,32.03,33.40,31.86,33.40,42619132,1403986944.00
2015-04-17,34.15,36.50,33.68,35.78,78378234,2753413376.00
2015-04-20,35.70,36.49,34.63,35.10,57472197,2037619456.00
2015-04-21,35.49,37.15,35.18,37.00,57130309,2084685440.00
2015-04-22,37.70,38.88,37.00,37.01,55425353,2090318080.00
2015-04-23,37.05,37.49,36.17,36.53,36886226,1348921216.00
2015-04-24,36.25,36.97,35.80,36.20,33808178,1226160128.00
2015-04-27,36.60,37.44,36.16,36.58,33569165,1229272960.00
2015-04-28,37.48,38.88,36.75,37.37,81213187,3077442816.00
2015-04-29,37.82,38.37,37.27,37.45,46196056,1737329664.00
2015-04-30,36.28,37.66,36.00,36.97,54409365,2013059456.00
2015-05-04,36.95,36.96,35.90,36.08,37443021,1354295680.00
2015-05-05,35.90,35.98,33.87,34.09,41778503,1448340864.00
2015-05-06,34.80,34.93,33.91,34.13,35435003,1220652160.00
2015-05-07,34.00,35.13,33.72,34.88,28520621,982493568.00
2015-05-08,35.50,35.86,34.75,35.20,34991257,1233945856.00
2015-05-11,35.10,35.65,34.58,35.65,40356486,1418239360.00
2015-05-12,35.70,36.18,35.10,35.46,32285610,1144930432.00
2015-05-13,35.55,36.50,35.20,35.90,38728922,1388811776.00
2015-05-14,35.77,36.15,35.25,35.41,23474537,835156544.00
2015-05-15,35.25,35.29,33.96,34.20,26969868,927394560.00
2015-05-18,34.00,34.00,33.13,33.21,30773506,1028329344.00
2015-05-19,33.33,35.00,33.30,34.83,35521083,1217427328.00
2015-05-20,35.60,36.56,35.22,35.84,48865405,1757078656.00
2015-05-21,36.48,38.48,36.48,38.10,49851521,1877053056.00
2015-05-22,38.30,38.55,37.02,38.12,35661092,1349015808.00
2015-05-25,38.15,38.84,37.50,38.58,37949597,1454409600.00
2015-05-26,38.58,41.49,38.56,40.58,49675847,2002994816.00
2015-05-27,40.60,41.07,39.39,39.63,33975049,1357280896.00
2015-05-28,39.63,40.00,36.80,36.84,39237335,1510353280.00
2015-05-29,36.85,37.50,35.30,37.00,42695899,1568373504.00
2015-06-01,37.11,38.50,36.98,38.40,34768076,1322991744.00
2015-06-02,38.41,38.60,37.40,38.44,36818747,1398865664.00
2015-06-03,38.45,39.60,38.34,39.10,41423504,1614196096.00
2015-06-04,39.00,39.00,35.24,38.03,36413101,1358142336.00
2015-06-05,38.26,38.98,36.95,37.68,45745356,1742067840.00
2015-06-08,37.72,39.48,37.20,39.37,63114809,2440146688.00
2015-06-09,39.40,39.82,38.20,38.62,41610362,1627174912.00
2015-06-10,38.11,39.38,37.80,38.77,33060813,1279451904.00
2015-06-11,38.77,39.26,37.71,38.08,30427905,1164746112.00
2015-06-12,38.08,38.69,37.55,37.87,36525158,1388734976.00
2015-06-15,37.93,38.08,36.36,36.51,43517491,1608845696.00
2015-06-16,36.57,37.14,35.73,36.45,33203355,1209704192.00
2015-06-17,36.75,37.20,36.01,36.98,25990068,950098880.00
2015-06-18,36.98,37.14,35.86,35.91,30265565,1103264256.00
2015-06-19,35.79,36.84,33.00,35.02,35452538,1271766016.00
2015-06-23,34.98,38.15,34.80,38.00,52787032,1937786880.00
2015-06-24,38.05,39.00,37.30,38.84,51962160,1989228928.00
2015-06-25,39.10,39.88,36.00,36.71,57041384,2181446400.00
2015-06-26,35.80,36.61,33.20,34.41,52991654,1844983552.00
2015-06-29,36.00,36.64,32.50,34.30,90937483,3191557632.00
2015-06-30,34.27,37.38,33.80,37.28,75078868,2693630464.00
2015-07-01,37.00,37.80,35.52,35.60,48541770,1794035072.00
2015-07-02,36.20,36.50,33.68,35.99,48577902,1719085184.00
2015-07-03,36.00,36.00,32.76,33.30,60874387,2089743232.00
2015-07-06,36.55,36.55,32.99,35.00,75178048,2585614592.00
2015-07-07,34.01,34.94,32.90,34.23,77361419,2625066240.00
2015-07-08,30.81,31.50,30.81,30.81,115388476,3574854400.00
2015-07-09,30.81,33.89,29.00,33.89,62243192,2013181056.00
2015-07-10,34.00,37.28,33.89,37.25,72185400,2651565312.00
2015-07-13,37.29,39.38,36.38,38.09,78097567,2958227968.00
2015-07-14,37.33,37.55,36.01,36.04,52213203,1909335168.00
2015-07-15,35.44,36.50,33.81,36.00,36258369,1268218368.00
2015-07-16,36.00,36.40,34.88,35.60,30862238,1105386624.00
2015-07-17,36.12,36.95,35.60,36.42,35328116,1277383552.00
2015-07-20,36.55,36.56,35.30,35.63,29121421,1046133952.00
2015-07-21,35.06,35.50,34.86,35.03,21271203,747400384.00
2015-07-22,35.41,35.76,34.10,34.37,36019291,1250358912.00
2015-07-23,34.30,35.00,34.00,34.85,31869269,1104377600.00
2015-07-24,34.85,35.50,34.20,34.36,30540891,1067331968.00
2015-07-27,33.91,34.21,31.01,31.50,44932006,1488742784.00
2015-07-28,30.87,33.55,30.56,32.88,56326708,1814197760.00
2015-07-29,33.00,33.53,32.54,33.42,28478986,939612416.00
2015-07-30,33.38,33.78,32.10,32.25,20397588,675772288.00
2015-07-31,31.75,33.21,31.61,33.15,32407553,1060298560.00
2015-08-03,32.58,34.00,32.48,34.00,31154772,1035419200.00
2015-08-04,33.93,34.09,33.04,34.06,22825969,769591040.00
2015-08-05,35.50,35.99,34.30,34.41,35487734,1247682304.00
2015-08-06,33.79,34.50,33.01,33.82,17598970,594223360.00
2015-08-07,34.29,34.50,33.80,34.22,14913699,510442112.00
2015-08-10,34.22,35.12,33.60,34.95,30259810,1038542976.00
2015-08-11,34.70,34.95,34.42,34.60,24720311,856974720.00
2015-08-12,34.61,34.94,33.50,33.51,22699831,776570560.00
2015-08-13,33.41,33.87,33.00,33.63,15754251,526669888.00
2015-08-14,33.64,33.69,33.20,33.30,17502360,585784896.00
2015-08-17,33.24,33.24,32.50,32.68,17147961,560748480.00
2015-08-18,32.68,32.98,30.69,30.93,25517502,816157632.00
2015-08-19,30.57,31.40,30.00,31.27,25889059,796330880.00
2015-08-20,30.56,30.98,30.01,30.01,24042295,727157504.00
2015-08-21,29.69,29.99,28.00,28.08,30028068,868411392.00
2015-08-24,26.98,26.99,25.27,25.28,52360311,1331971328.00
2015-08-25,23.86,26.18,23.33,23.76,54896159,1355341696.00
2015-08-26,24.18,26.12,23.88,25.23,54967201,1383446144.00
2015-08-27,26.20,26.63,25.17,26.54,40262972,1051756032.00
2015-08-28,26.72,27.67,26.61,27.35,36457571,991774784.00
2015-08-31,27.80,28.79,26.55,28.79,49991081,1384090624.00
2015-09-01,27.99,28.88,27.32,28.83,48440981,1367208704.00
2015-09-02,27.85,28.97,27.32,28.75,64347291,1821117184.00
2015-09-07,28.55,28.99,26.72,26.86,43830923,1216507776.00
2015-09-08,26.65,27.48,26.11,27.40,20686655,556197312.00
2015-09-09,27.41,28.23,27.13,27.90,26777285,743461504.00
2015-09-10,27.52,27.78,27.33,27.36,14092056,387788480.00
2015-09-11,27.43,27.55,27.13,27.25,9503818,259649584.00
2015-09-14,27.40,27.42,25.50,26.01,24433888,641743872.00
2015-09-15,25.88,25.88,24.70,25.00,20303484,510613856.00
2015-09-16,25.20,26.98,24.98,26.64,20269228,521919840.00
2015-09-17,26.52,26.70,25.30,25.50,19481563,512478656.00
2015-09-18,25.68,25.97,25.61,25.88,11668951,301106464.00
2015-09-21,25.54,26.56,25.52,26.53,13657649,355562304.00
2015-09-22,26.40,26.96,26.39,26.65,15591573,416417408.00
2015-09-23,26.40,26.40,25.78,25.84,12130958,316300448.00
2015-09-24,26.07,26.56,25.86,26.13,12004218,315204768.00
2015-09-25,26.01,26.05,24.95,25.10,18559580,469431648.00
2015-09-28,25.12,25.15,24.73,25.10,10799093,269359232.00
2015-09-29,24.79,24.93,24.47,24.57,11615717,286236736.00
2015-09-30,24.72,25.38,24.72,25.23,12239911,307349088.00
2015-10-08,26.50,27.74,26.50,27.11,37937094,1030189056.00
2015-10-09,27.05,27.25,26.74,27.10,14428276,390128320.00
2015-10-12,27.22,28.38,27.00,28.29,27868677,774116736.00
2015-10-13,28.20,28.20,27.63,27.92,17334722,483528288.00
2015-10-14,27.61,27.74,26.90,26.97,20817983,566828928.00
2015-10-15,26.94,27.56,26.83,27.52,20791003,565110528.00
2015-10-16,27.41,28.08,27.30,27.66,22177382,614033664.00
2015-10-19,27.70,27.78,27.12,27.42,20203015,555874240.00
2015-10-20,27.40,27.52,27.20,27.50,14827495,405439520.00
2015-10-21,27.60,27.86,26.57,26.67,22840290,622333888.00
2015-10-22,26.55,26.98,26.51,26.95,17596734,470640800.00
2015-10-23,27.08,27.74,27.08,27.58,19668186,540536704.00
2015-10-26,28.21,28.30,27.56,27.80,22144343,616032512.00
2015-10-27,27.42,27.77,26.85,27.38,19402375,527449216.00
2015-10-28,27.43,27.43,26.62,26.79,24692178,665857536.00
2015-10-29,27.02,27.88,26.74,27.76,32052941,873601664.00
2015-10-30,27.62,28.40,27.28,28.01,28765588,804238400.00
2015-11-02,27.68,28.97,27.58,28.38,28336160,810188672.00
2015-11-03,28.38,28.57,27.90,28.18,15305351,432520992.00
2015-11-04,28.18,29.39,28.15,29.35,28064575,815220480.00
2015-11-05,29.35,30.52,29.06,30.05,39684055,1187986432.00
2015-11-06,29.87,30.22,29.70,30.12,25523951,765096832.00
2015-11-09,30.10,31.00,30.03,30.30,26975435,821175104.00
2015-11-10,30.06,30.22,29.45,29.63,23258701,692802432.00
2015-11-11,29.70,29.74,29.23,29.44,17340451,510869056.00
2015-11-12,29.64,29.85,29.42,29.73,14703937,436293440.00
2015-11-13,29.42,29.43,28.82,28.99,20128419,585517568.00
2015-11-16,28.69,28.90,28.52,28.80,29743834,852226624.00
2015-11-17,29.00,29.48,28.82,29.01,32210345,940608896.00
2015-11-18,29.12,29.16,28.33,28.35,30147848,863942336.00
2015-11-19,28.40,28.58,27.90,28.47,35089474,991226944.00
2015-11-20,28.49,28.55,27.92,28.18,40774150,1148034304.00
2015-11-23,28.17,28.38,27.90,28.10,25663306,722055680.00
2015-11-24,28.14,28.57,28.02,28.50,19402960,547501696.00
2015-11-25,28.49,28.57,28.10,28.29,31692169,896717568.00
2015-11-26,28.39,28.94,28.30,28.63,31111582,890293568.00
2015-11-27,28.44,28.47,27.00,27.11,28239940,785533120.00
2015-11-30,27.28,27.35,26.17,26.83,21306430,571032640.00
2015-12-01,26.86,28.21,26.51,27.83,24238541,666026176.00
2015-12-02,27.78,30.33,27.60,29.30,58529163,1709867392.00
2015-12-03,29.09,29.44,28.80,29.10,22658944,660217152.00
2015-12-04,28.86,29.38,28.55,29.09,24958190,724199296.00
2015-12-07,29.13,29.63,28.63,29.31,23481550,686734208.00
2015-12-08,29.02,29.02,28.05,28.18,18228108,518709856.00
2015-12-09,28.06,28.95,28.06,28.51,18739548,536198976.00
2015-12-10,28.60,29.46,28.58,28.88,30528259,891339968.00
2015-12-11,28.91,29.52,28.56,29.38,23987307,699824320.00
2015-12-14,29.18,30.24,29.03,30.05,33349745,996293440.00
2015-12-15,29.98,30.30,29.57,30.05,22226396,665497664.00
2015-12-16,30.05,30.10,29.70,29.78,11969167,357186016.00
2015-12-17,29.88,30.64,29.88,30.18,20260577,614293568.00
2015-12-18,30.18,30.48,29.50,29.72,16047235,480553888.00
2015-12-21,29.80,32.58,29.72,31.87,46886750,1482978688.00
2015-12-22,31.88,32.88,31.62,32.45,27299101,881777984.00
2015-12-23,32.20,33.28,31.88,32.45,32333920,1064031744.00
2015-12-24,32.43,32.43,31.17,31.70,16999229,538114880.00
2015-12-25,31.75,32.24,31.72,32.15,11185471,357723552.00
2015-12-28,32.22,32.51,31.00,31.00,20393580,647355456.00
2015-12-29,31.05,33.98,30.66,33.09,36755288,1191961472.00
2015-12-30,33.01,34.30,32.88,33.43,44558105,1502908288.00
2015-12-31,33.45,33.58,32.55,32.82,17833301,589581696.00
2016-01-04,32.82,33.18,29.54,29.72,20033877,637157824.00
2016-01-05,29.72,31.48,29.53,31.33,31216593,962833792.00
2016-01-06,31.28,31.95,30.92,31.59,20197645,634290688.00
2016-01-07,30.90,30.98,28.88,29.04,6375400,191155840.00
2016-01-08,30.21,30.59,28.73,29.81,37458179,1117506944.00
2016-01-11,29.00,29.54,28.19,28.40,28231103,816072640.00
2016-01-12,28.62,29.17,28.18,28.81,21424986,616486976.00
2016-01-13,29.06,29.93,28.55,28.99,19005027,555836416.00
2016-01-14,28.02,29.78,28.01,29.60,26566028,773073088.00
2016-01-15,29.60,29.82,28.10,28.39,24067914,696595392.00
2016-01-18,27.74,28.55,27.40,27.80,21498633,600503872.00
2016-01-19,27.82,29.28,27.66,28.82,21806148,619797760.00
2016-01-20,28.70,29.00,27.65,28.03,23014583,649803584.00
2016-01-21,27.63,28.23,27.02,27.03,21196691,584255360.00
2016-01-22,27.39,27.44,26.50,27.08,16937202,456262208.00
2016-01-25,27.22,27.49,27.07,27.20,9353881,255115184.00
2016-01-26,27.04,27.23,25.77,25.85,19729485,521849856.00
2016-01-27,26.00,26.43,25.15,26.23,18425264,476125024.00
2016-01-28,26.03,26.97,25.88,26.51,13262052,351633312.00
2016-01-29,26.35,27.50,26.20,27.31,12192388,331295232.00
2016-02-01,27.32,27.56,27.11,27.35,8426900,230327632.00
2016-02-02,27.35,27.98,27.30,27.61,10567871,293500224.00
2016-02-03,27.48,27.58,26.81,27.17,13041001,353568896.00
2016-02-04,27.22,27.67,27.11,27.29,9208826,252010640.00
2016-02-05,27.40,27.68,27.27,27.42,10029004,275667520.00
2016-02-15,26.95,27.28,26.72,26.96,11744093,317039840.00
2016-02-16,27.33,27.80,27.10,27.74,13392115,368560320.00
2016-02-17,27.66,28.22,27.61,27.95,11642326,325527200.00
2016-02-18,28.13,28.29,27.78,27.86,6958189,194440096.00
2016-02-19,27.81,27.93,27.50,27.60,6615046,183255840.00
2016-02-22,27.99,28.15,27.52,28.04,11233411,313698016.00
2016-02-23,28.07,28.10,27.72,27.87,9740294,271761120.00
2016-02-24,27.80,27.96,27.32,27.84,8208646,226804320.00
2016-02-25,27.72,27.83,26.00,26.47,16250633,437138496.00
2016-02-26,26.59,26.91,26.46,26.84,9505338,253976912.00
2016-02-29,26.78,26.79,25.72,26.07,13187816,343619104.00
2016-03-01,26.15,26.97,26.09,26.96,11008693,294041824.00
2016-03-02,27.19,29.18,26.97,29.18,35574638,1016690688.00
2016-03-03,29.15,29.30,28.50,28.60,14825167,427886496.00
2016-03-04,28.78,29.75,28.55,29.12,26245662,767632512.00
2016-03-07,29.20,29.92,28.85,29.23,11665002,342677216.00
2016-03-08,29.25,29.30,28.28,28.85,9247334,265065472.00
2016-03-09,28.55,29.35,28.32,28.78,9429059,273531616.00
2016-03-10,28.75,29.66,28.69,29.03,10550977,307604928.00
2016-03-11,28.84,29.38,28.71,29.00,6235392,181117664.00
2016-03-14,29.34,30.15,29.33,29.55,16184907,482072256.00
2016-03-15,29.78,29.80,29.00,29.64,11624030,342046176.00
2016-03-16,29.61,29.61,29.10,29.26,7424657,217418592.00
2016-03-17,29.51,29.99,29.43,29.85,10487447,311932960.00
2016-03-18,30.10,30.46,29.71,30.04,24572539,738878016.00
2016-03-21,30.15,30.59,30.02,30.38,19835515,600612480.00
2016-03-22,30.45,30.95,30.29,30.54,13510527,413263136.00
2016-03-23,30.29,30.60,29.98,30.28,9657849,292222912.00
2016-03-24,30.03,31.25,29.78,30.87,21918238,666782848.00
2016-03-25,30.60,31.66,30.56,31.40,16853836,526500832.00
2016-03-28,32.01,32.27,30.50,30.60,25684031,803340032.00
2016-03-29,30.75,30.78,29.80,29.99,16149949,488349312.00
2016-03-30,30.16,30.55,29.98,30.53,19376003,586461120.00
2016-03-31,30.68,31.39,30.68,30.85,20354021,631765056.00
2016-04-01,31.00,31.00,30.20,30.59,10261031,313282080.00
2016-04-05,30.26,30.94,30.26,30.79,14647165,449341184.00
2016-04-06,30.70,30.97,30.56,30.75,11321474,348560320.00
2016-04-07,30.81,30.93,30.05,30.10,14125067,429399328.00
2016-04-08,30.00,30.33,29.84,30.02,8435194,253197760.00
2016-04-11,30.23,30.55,30.20,30.40,15007611,456355584.00
2016-04-12,30.40,30.54,30.20,30.46,8291086,251867136.00
2016-04-13,30.60,31.08,30.52,30.68,18590698,573945600.00
2016-04-14,30.79,31.07,30.70,30.92,11793469,364153504.00
2016-04-15,30.95,31.10,30.80,30.96,8702882,269355552.00
2016-04-18,30.96,30.96,30.45,30.62,9097038,278480448.00
2016-04-19,30.71,30.85,30.40,30.78,7885010,240876608.00
2016-04-20,30.78,30.78,29.51,29.88,20241714,606508928.00
2016-04-21,29.80,30.08,29.65,29.74,8115302,242668320.00
2016-04-22,29.60,30.93,29.56,30.80,14925480,455267200.00
2016-04-25,30.80,31.55,30.70,31.20,21088323,659180160.00
2016-04-26,31.23,31.69,31.10,31.38,10523476,330326176.00
2016-04-27,31.28,31.47,30.92,30.98,10963294,341910720.00
2016-04-28,31.12,31.53,30.54,30.78,13898550,429000128.00
2016-04-29,31.02,32.26,31.02,32.10,25404055,809800960.00
2016-05-03,32.21,34.08,32.20,33.84,29626941,991403712.00
2016-05-04,33.30,33.79,32.80,32.96,27683061,917913728.00
2016-05-05,33.07,33.24,32.85,32.99,19547683,644939328.00
2016-05-06,20.97,21.14,20.35,20.35,38785799,804154752.00
2016-05-09,20.08,20.70,19.99,20.35,32284589,656633600.00
2016-05-10,20.40,21.59,20.15,21.08,48148741,1008644032.00
2016-05-11,21.16,22.21,21.09,21.96,58911733,1280862720.00
2016-05-12,21.60,22.55,21.30,21.90,40702798,895938432.00
2016-05-13,21.81,22.23,21.42,21.51,21455461,467593184.00
2016-05-16,21.51,22.00,21.51,21.80,17884946,388807840.00
2016-05-17,21.65,21.80,21.30,21.35,18828846,404102272.00
2016-06-01,23.10,23.45,22.44,22.86,79182460,1815074176.00
2016-06-02,22.71,22.88,22.36,22.56,38735296,873208192.00
2016-06-03,22.56,23.23,22.45,23.08,36714646,841547712.00
2016-06-06,23.10,24.03,23.00,23.73,44767955,1056676672.00
2016-06-07,23.73,23.83,23.00,23.13,37615544,872772096.00
2016-06-08,23.00,23.00,22.50,22.68,27385702,620325696.00
2016-06-13,22.41,22.83,22.25,22.30,27585859,620447232.00
2016-06-14,22.30,22.69,22.11,22.58,20476417,459586304.00
2016-06-15,22.16,23.06,22.13,22.78,28236018,641982592.00
2016-06-16,22.64,22.71,22.18,22.36,17580475,393835712.00
2016-06-17,22.77,22.90,22.22,22.43,27595876,622869376.00
2016-06-20,22.26,23.03,22.21,22.96,36062846,818210688.00
2016-06-21,22.99,23.15,22.63,22.72,23291425,534140256.00
2016-06-22,22.61,23.03,22.54,22.96,18079780,413277504.00
2016-06-23,22.95,23.03,22.60,22.70,17928263,408680864.00
2016-06-24,22.74,23.23,22.50,22.83,39087493,896873344.00
2016-06-27,22.66,23.87,22.66,23.64,41463643,972892288.00
2016-06-28,23.52,23.52,22.97,23.35,50758050,1180515200.00
2016-06-29,23.28,23.47,23.09,23.37,31857127,741261888.00
2016-06-30,23.44,23.78,23.23,23.72,51989503,1223986816.00
2016-07-01,23.79,24.63,23.79,24.08,47416456,1150129024.00
2016-07-04,24.01,25.08,23.93,24.45,65046066,1598368640.00
2016-07-05,24.55,24.59,24.02,24.10,42663992,1030258624.00
2016-07-06,24.05,24.46,23.86,24.38,40593291,980967040.00
2016-07-07,24.45,24.96,24.33,24.44,59545975,1471120384.00
2016-07-08,24.62,24.75,24.05,24.15,37377178,907840192.00
2016-07-11,24.35,25.22,24.16,24.96,66505083,1655500544.00
2016-07-12,25.05,27.46,24.98,27.46,115331093,3078896896.00
2016-07-13,27.87,28.69,27.05,27.35,89421783,2479972864.00
2016-07-14,27.16,27.65,26.77,27.04,45623148,1237514496.00
2016-07-15,27.06,29.57,27.06,28.65,86992561,2457773312.00
2016-07-18,28.39,29.29,28.01,28.46,55213848,1577573120.00
2016-07-19,28.32,28.55,27.11,27.45,60078343,1661231104.00
2016-07-20,27.49,27.78,27.01,27.30,31844826,867872000.00
2016-07-21,27.58,29.29,27.50,28.07,64280665,1825547520.00
2016-07-22,28.10,28.30,27.00,27.28,52475526,1443097728.00
2016-07-25,27.01,27.43,26.62,26.66,47954066,1291139328.00
2016-07-26,26.69,27.63,26.40,27.54,63149661,1709602176.00
2016-07-27,27.60,27.70,26.36,26.96,61224194,1657006208.00
2016-07-28,26.96,28.38,26.80,27.78,80619290,2243058176.00
2016-07-29,27.78,28.80,27.52,28.20,72082505,2041009408.00
2016-08-01,28.04,28.58,27.51,27.76,47797885,1335042432.00
2016-08-02,27.68,27.74,26.97,27.60,43686022,1192078720.00
2016-08-03,27.42,28.08,27.27,28.01,37767455,1048249152.00
2016-08-04,27.85,28.12,27.53,27.69,35255512,977595392.00
2016-08-05,27.65,28.46,27.56,27.97,44837432,1259936256.00
2016-08-08,27.96,27.96,27.18,27.69,34470242,947532736.00
2016-08-09,27.89,28.05,27.33,27.83,33570092,929091200.00
2016-08-10,27.68,27.99,27.09,27.23,43563723,1196222208.00
2016-08-11,27.26,27.59,27.16,27.24,29570906,809177472.00
2016-08-12,27.24,27.35,26.40,27.04,49373286,1323216768.00
2016-08-15,27.05,28.03,26.65,27.92,67775783,1862533888.00
2016-08-16,28.01,29.15,28.01,28.35,69474666,1990160768.00
2016-08-17,28.60,29.10,28.27,28.43,45391157,1301493504.00
2016-08-18,28.36,28.49,27.84,28.07,35350670,991996032.00
2016-08-19,27.94,28.28,27.68,27.86,27703782,772131776.00
2016-08-22,27.86,27.86,27.32,27.42,25824868,710455360.00
2016-08-23,27.50,28.08,27.40,27.63,27643936,767354048.00
2016-08-24,27.70,27.79,27.21,27.30,22811351,624708672.00
2016-08-25,27.25,27.73,27.00,27.50,22906820,625824448.00
2016-08-26,27.49,27.73,27.13,27.22,20064586,550993536.00
2016-08-29,27.18,27.33,26.88,27.05,21566295,583192640.00
2016-08-30,27.05,27.20,26.71,26.87,24497489,658946880.00
2016-08-31,27.05,27.68,27.03,27.40,36784708,1008493440.00
2016-09-01,27.33,27.62,27.15,27.47,25285622,693932736.00
2016-09-02,27.78,28.07,26.91,27.12,37396799,1022135936.00
2016-09-05,27.13,27.54,26.90,27.43,28757195,786319424.00
2016-09-06,27.30,27.44,26.90,27.31,30546714,828005760.00
2016-09-07,27.29,27.38,27.11,27.23,19284352,525836832.00
2016-09-08,27.23,27.45,27.09,27.21,20133941,548851328.00
2016-09-09,27.27,27.27,26.98,27.02,18190721,492979424.00
2016-09-12,26.74,26.74,26.11,26.29,35950103,947670592.00
2016-09-13,26.46,26.55,26.27,26.34,16457280,434327968.00
2016-09-14,26.21,26.21,25.18,25.40,39798629,1021454464.00
2016-09-19,25.40,26.25,25.39,26.00,26556893,690391424.00
2016-09-20,26.08,26.08,25.74,25.91,9971872,258218032.00
2016-09-21,26.01,26.05,25.88,25.97,9294078,241438464.00
2016-09-22,26.10,26.33,25.93,26.15,22010478,575505664.00
2016-09-23,26.21,26.36,26.12,26.26,13288004,348663680.00
2016-09-26,26.25,26.31,26.00,26.02,11500682,301076064.00
2016-09-27,25.86,26.20,25.76,26.16,10749633,279575520.00
2016-09-28,26.24,26.40,26.12,26.19,11223630,294764800.00
2016-09-29,26.29,26.55,26.20,26.50,12280360,324708064.00
2016-09-30,26.59,27.17,26.51,27.01,20465989,552535488.00
2016-10-10,27.18,27.20,26.52,26.95,25921181,696636608.00
2016-10-11,26.90,27.14,26.68,27.00,22004789,592388992.00
2016-10-12,26.98,26.98,26.76,26.81,12125548,325080768.00
2016-10-13,26.87,26.87,26.29,26.30,22568949,597663616.00
2016-10-14,26.32,26.52,26.25,26.37,17300794,456589376.00
2016-10-17,26.48,26.53,26.21,26.27,14033212,370332576.00
2016-10-18,26.10,26.36,26.05,26.35,22703193,594479936.00
2016-10-19,26.36,26.39,26.08,26.14,15399856,403273952.00
2016-10-20,26.14,26.34,25.99,26.25,15570390,407467360.00
2016-10-21,26.18,26.53,26.16,26.38,23097359,608799360.00
2016-10-24,26.53,26.75,26.39,26.66,34696954,922414272.00
2016-10-25,26.66,26.88,26.53,26.80,29063381,777320448.00
2016-10-26,26.80,26.85,26.59,26.67,18388687,491053888.00
2016-10-27,26.66,26.70,26.40,26.68,12449359,330062944.00
2016-10-28,26.64,26.83,26.49,26.76,20745154,553742336.00
2016-10-31,26.86,27.19,26.67,27.15,41947232,1131912576.00
2016-11-01,27.20,27.91,27.17,27.77,40892220,1127865216.00
2016-11-02,27.71,27.71,27.30,27.48,23445241,645368448.00
2016-11-03,27.30,27.69,27.30,27.40,15732378,433094880.00
2016-11-04,27.30,27.56,26.98,26.99,20128149,547120448.00
2016-11-07,27.02,27.10,26.76,26.95,14285566,384758720.00
2016-11-08,27.03,27.60,27.03,27.40,18522343,506591232.00
2016-11-09,27.49,27.49,26.90,27.18,21096697,573731136.00
2016-11-10,27.30,27.74,27.30,27.57,22722922,627256000.00
2016-11-11,27.55,27.70,27.29,27.43,19100786,524189184.00
2016-11-14,27.56,27.63,26.98,27.10,32829345,893464384.00
2016-11-15,27.05,27.09,26.87,27.00,23755301,639687104.00
2016-11-16,27.00,27.07,26.86,26.94,11325381,305149824.00
2016-11-17,27.00,27.18,26.85,27.00,16811777,453307136.00
2016-11-18,27.02,27.22,26.93,27.13,14911388,403465280.00
2016-11-21,27.13,27.78,27.13,27.58,35242593,970001600.00
2016-11-22,27.61,27.78,27.40,27.44,17065789,470056096.00
2016-11-23,27.47,28.20,27.47,28.05,45671206,1277341696.00
2016-11-24,27.80,29.50,27.69,28.98,77506821,2227223808.00
2016-11-25,28.89,29.30,28.20,29.00,35865533,1035308672.00
2016-11-28,29.35,30.49,28.80,30.12,80168715,2371494656.00
2016-11-29,30.00,32.25,29.87,31.47,120873013,3777693440.00
2016-11-30,31.09,31.31,30.14,30.28,60767554,1851255168.00
2016-12-01,31.30,32.20,30.40,30.85,90766574,2828150272.00
2016-12-02,31.00,31.00,29.54,29.87,50794271,1521112064.00
2016-12-05,28.39,29.28,28.30,28.62,58194538,1672072960.00
2016-12-06,28.82,29.42,28.79,28.87,32569360,948520320.00
2016-12-07,28.89,29.22,28.72,28.89,23746911,687204416.00
2016-12-08,29.04,29.35,28.90,29.11,26205361,763643712.00
2016-12-09,29.22,30.56,29.13,30.18,61417364,1840673536.00
2016-12-12,29.95,30.00,29.18,29.29,34994743,1034597376.00
2016-12-13,29.06,29.50,28.38,28.80,39018212,1126343808.00
2016-12-14,28.85,29.12,28.40,28.40,20756608,596990528.00
2016-12-15,28.28,28.30,27.50,27.83,29346213,818175232.00
2016-12-16,27.90,29.20,27.90,29.20,38413579,1090722560.00
2016-12-19,29.00,29.30,28.66,28.85,21110573,612115072.00
2016-12-20,28.84,29.03,28.02,28.23,21744842,618197952.00
2016-12-21,28.33,28.75,28.21,28.38,19134370,543882560.00
2016-12-22,28.34,28.60,28.06,28.38,14758889,418630592.00
2016-12-23,28.36,28.58,28.06,28.13,13529635,382057664.00
2016-12-26,28.10,28.35,27.91,28.31,16129045,453797728.00
2016-12-27,28.31,28.62,28.20,28.30,23458942,666870592.00
2016-12-28,28.30,28.37,27.90,28.07,17691965,496430272.00
2016-12-29,28.00,28.14,27.97,28.02,17665394,495542368.00
2016-12-30,28.05,28.32,27.90,28.17,17263516,485375904.00
2017-01-03,28.65,29.50,28.62,29.12,44108241,1282988928.00
2017-01-04,29.13,29.98,29.13,29.83,35806832,1057612160.00
2017-01-05,29.82,29.93,29.51,29.69,19176212,568420736.00
2017-01-06,29.69,29.69,29.20,29.39,19794180,580370048.00
2017-01-09,29.48,29.50,28.91,29.25,17747932,517889504.00
2017-01-10,29.00,29.41,29.00,29.18,16612513,484385888.00
2017-01-11,29.07,29.24,28.48,28.60,24037092,692519360.00
2017-01-12,28.60,28.85,28.18,28.20,25368155,721008960.00
2017-01-13,28.24,28.50,28.19,28.22,19486113,551763392.00
2017-01-16,28.22,28.62,27.79,28.25,29154002,823699840.00
2017-01-17,28.20,28.95,28.15,28.91,23461039,670703552.00
2017-01-18,28.76,29.52,28.76,29.14,33983685,996433472.00
2017-01-19,29.00,29.15,28.58,28.77,37098442,1069010752.00
2017-01-20,28.74,29.35,28.72,29.22,32630800,952583488.00
2017-01-23,29.36,29.48,28.90,28.96,25106865,732238784.00
2017-01-24,28.97,29.30,28.80,29.10,26808705,777495424.00
2017-01-25,29.03,29.59,28.96,29.40,28451758,836778112.00
2017-01-26,29.45,30.14,29.45,29.90,34191530,1022714688.00
2017-02-03,29.70,30.05,29.40,29.90,23840976,708232128.00
2017-02-06,29.90,30.46,29.86,29.99,29719260,896997440.00
2017-02-07,30.00,30.17,29.54,29.65,32400398,965184256.00
2017-02-08,29.65,30.07,29.58,29.88,25621590,763569856.00
2017-02-09,29.94,30.12,29.87,30.02,25101671,753527808.00
2017-02-10,30.10,30.48,29.99,30.12,26991885,814459136.00
2017-02-13,30.05,30.94,30.05,30.91,44650847,1368505984.00
2017-02-14,31.00,31.29,30.60,30.69,26523718,818126144.00
2017-02-15,30.83,31.45,30.70,31.06,30427042,947849152.00
2017-02-16,31.00,32.10,30.93,32.03,41327408,1302877952.00
2017-02-17,32.10,32.62,31.80,32.25,39304285,1264349056.00
2017-02-20,32.27,33.47,32.18,32.58,67515453,2228769536.00
2017-02-21,32.71,32.87,32.10,32.45,38615740,1252870400.00
2017-02-22,32.37,33.32,32.31,33.05,33187653,1093310976.00
2017-02-23,33.06,33.28,32.60,33.10,31137295,1025755648.00
2017-02-24,32.98,33.02,32.18,32.37,33884254,1099577984.00
2017-02-27,32.38,32.39,31.58,31.61,33444675,1065158528.00
2017-02-28,31.65,32.08,31.56,31.86,21088826,671010944.00
2017-03-01,31.80,32.05,31.79,32.03,19301163,615952768.00
2017-03-02,32.03,32.16,31.38,31.49,21626204,683771072.00
2017-03-03,31.49,31.73,31.13,31.72,29981615,942871488.00
2017-03-06,31.52,33.10,31.52,32.89,43259618,1406128896.00
2017-03-07,32.90,33.17,32.55,33.01,27466130,903570048.00
2017-03-08,33.18,33.58,32.80,33.28,36485727,1213541760.00
2017-03-09,33.30,33.68,32.88,32.92,23799594,788991168.00
2017-03-10,32.88,34.30,32.77,34.22,48077585,1624041088.00
2017-03-13,34.28,34.79,33.74,33.90,45004050,1537993472.00
2017-03-14,33.94,34.16,33.38,34.02,34191078,1154170240.00
2017-03-15,33.88,34.53,33.80,34.42,32086789,1096873472.00
2017-03-16,34.51,34.76,33.82,33.98,43333001,1478349824.00
2017-03-17,33.83,34.05,33.33,33.41,37922880,1274319104.00
2017-03-20,33.46,33.77,33.00,33.48,33955841,1130342528.00
2017-03-21,33.40,34.31,33.36,34.31,41419431,1403674496.00
2017-03-22,34.12,34.42,33.98,34.36,34298780,1173042304.00
2017-03-23,34.37,34.90,34.08,34.75,37418815,1291101056.00
2017-03-24,34.76,35.66,34.61,34.92,43208129,1520361472.00
2017-03-27,34.92,35.35,34.00,34.15,34969871,1210503424.00
2017-03-28,34.10,34.30,33.67,33.95,35172768,1190715904.00
2017-03-29,33.95,34.09,33.29,33.80,40609335,1368888704.00
2017-03-30,33.75,33.86,32.81,33.13,44539893,1482720640.00
2017-03-31,33.13,33.59,32.83,33.30,39796406,1321769344.00
2017-04-05,33.23,33.52,32.80,33.19,57047461,1891523456.00
2017-04-06,33.26,33.89,33.00,33.89,44007551,1469071616.00
2017-04-07,33.84,34.12,33.56,33.65,36043637,1218565632.00
2017-04-10,33.66,33.76,32.90,32.90,40077667,1330706560.00
2017-04-11,32.83,33.06,31.85,32.40,55991780,1810877184.00
2017-04-12,32.29,32.75,32.05,32.40,25606535,830673216.00
2017-04-13,32.35,33.12,32.33,32.96,24885559,818579584.00
2017-04-14,32.96,33.10,32.40,32.64,16940131,552502016.00
2017-04-17,32.62,33.35,32.49,33.18,38024165,1257959552.00
2017-04-18,33.18,34.22,33.16,34.08,49227457,1668283136.00
2017-04-19,33.93,34.25,33.65,34.23,38721919,1314734720.00
2017-04-20,34.26,35.04,34.25,34.50,51740265,1800422400.00
2017-04-21,34.27,34.55,33.90,34.23,29418329,1004821440.00
2017-04-24,34.00,34.00,33.01,33.12,35097510,1175095040.00
2017-04-25,33.20,34.30,33.01,34.24,39809302,1340561920.00
2017-04-26,34.43,35.20,34.03,34.30,56487892,1957592192.00
2017-04-27,34.30,34.30,33.35,34.04,34837622,1174443264.00
2017-04-28,34.04,34.04,32.96,33.66,41803695,1390913792.00
2017-05-02,33.21,34.92,33.15,34.92,59691490,2053124224.00
2017-05-03,34.92,35.35,34.39,35.19,35366400,1235841408.00
2017-05-04,35.25,35.58,35.03,35.30,42046195,1487632384.00
2017-05-05,35.50,36.31,35.35,36.15,55059063,1980293376.00
2017-05-08,36.09,36.49,35.03,35.68,31844236,1139028352.00
2017-05-09,35.78,35.78,34.56,35.30,38161916,1337877376.00
2017-05-10,34.44,35.33,34.26,35.15,39320934,1367506688.00
2017-05-11,34.96,35.98,34.74,35.82,40898787,1451845760.00
2017-05-12,35.97,36.35,35.31,35.75,38187857,1364622336.00
2017-05-15,35.38,36.00,35.18,35.31,51852105,1837233408.00
2017-05-16,34.54,35.49,34.22,35.32,63049159,2196001536.00
2017-05-17,35.10,35.20,34.31,34.37,50169996,1741741568.00
2017-05-18,34.26,35.06,34.20,34.48,38248848,1327757696.00
2017-05-19,34.71,35.58,34.70,35.54,50578699,1784970880.00
2017-05-22,35.28,36.30,35.28,36.21,47794903,1711710976.00
2017-05-23,36.25,36.58,35.55,36.32,52276026,1889503232.00
2017-05-24,36.16,36.48,35.65,36.11,28275462,1021390208.00
2017-05-25,35.87,36.10,35.20,35.33,41093926,1463033856.00
2017-05-26,35.31,35.94,35.31,35.67,32801198,1170518528.00
2017-05-31,35.78,36.12,35.12,36.12,36876452,1315310976.00
2017-06-01,36.16,36.67,36.00,36.50,40649503,1480882560.00
2017-06-02,36.50,36.65,35.80,36.39,34580414,1255234048.00
2017-06-05,36.29,36.82,36.20,36.39,25682969,938757120.00
2017-06-06,36.50,38.01,36.45,38.00,47849505,1789235200.00
2017-06-07,38.00,39.12,37.81,38.70,53353161,2052782464.00
2017-06-08,38.71,40.25,38.71,40.25,45198892,1789706624.00
2017-06-09,40.39,41.06,39.77,40.30,48933750,1982802688.00
2017-06-12,40.15,41.14,39.81,40.46,46562276,1880663296.00
2017-06-13,40.46,40.70,39.95,40.16,29422737,1182718592.00
2017-06-14,40.04,40.20,38.92,39.10,47401821,1865659776.00
2017-06-15,39.25,40.03,39.01,39.70,40391966,1594147456.00
2017-06-16,39.92,40.38,38.94,39.06,45990378,1819097856.00
2017-06-19,39.60,40.55,39.52,40.34,58573578,2346748416.00
2017-06-20,40.50,41.27,40.04,40.88,55267388,2249834240.00
2017-06-21,41.18,42.79,40.60,42.79,49051689,2046649856.00
2017-06-22,42.84,43.44,42.20,42.50,62591806,2681684992.00
2017-06-23,42.75,44.57,42.26,44.48,47558268,2056736896.00
2017-06-26,44.17,45.39,44.00,44.25,60043128,2681264128.00
2017-06-27,44.40,44.42,43.06,44.00,49851795,2176423936.00
2017-06-28,43.63,43.63,42.50,42.78,58544780,2515804928.00
2017-06-29,42.78,43.25,42.55,43.16,45394479,1947619456.00
2017-06-30,43.00,43.36,42.55,43.04,39196385,1685646592.00
2017-07-03,42.85,42.85,41.56,41.80,51331243,2156580864.00
2017-07-04,41.80,41.82,40.92,41.50,51000258,2104852480.00
2017-07-05,41.40,42.96,41.30,42.94,44130678,1868284416.00
2017-07-06,42.93,43.00,41.65,42.60,45566724,1926026752.00
2017-07-07,42.13,42.48,41.26,41.63,40535361,1689133824.00
2017-07-10,41.30,41.87,41.20,41.37,29679155,1229483392.00
2017-07-11,41.40,43.30,41.40,42.95,68685309,2919625472.00
2017-07-12,42.81,43.17,41.45,41.70,42562092,1799570688.00
2017-07-13,41.50,42.61,41.35,41.99,27696758,1166065024.00
2017-07-14,41.80,42.39,41.38,42.17,23161858,970662272.00
2017-07-17,42.10,42.50,40.50,41.66,46048766,1907521280.00
2017-07-18,41.47,41.82,40.68,41.00,37581523,1540916096.00
2017-07-19,41.20,41.93,40.93,41.22,31519178,1304514816.00
2017-07-20,41.30,42.35,40.70,42.25,46636660,1940264064.00
2017-07-21,42.34,42.46,41.68,41.90,29503966,1242799360.00
2017-07-24,41.91,43.55,41.60,43.42,60522159,2602473472.00
2017-07-25,43.44,43.65,42.95,43.42,32736712,1417603456.00
2017-07-26,43.60,43.60,41.93,42.34,38917650,1655228160.00
2017-07-27,42.34,42.34,40.77,41.20,41800681,1724985856.00
2017-07-28,41.23,41.84,41.07,41.40,24093240,998490176.00
2017-07-31,41.58,41.58,40.78,41.20,33013694,1355932928.00
2017-08-01,41.21,41.59,40.85,41.19,34303389,1411054208.00
2017-08-02,41.18,41.18,40.75,40.80,25701585,1050314624.00
2017-08-03,40.61,41.00,39.90,40.08,35773018,1437369344.00
2017-08-04,40.19,40.39,39.38,39.45,30704481,1218982016.00
2017-08-07,39.35,40.43,38.67,40.29,42068653,1670024960.00
2017-08-08,40.20,40.48,39.89,39.98,21244041,852359168.00
2017-08-09,40.13,41.35,39.51,40.80,29355858,1193145216.00
2017-08-10,40.69,41.18,40.30,40.85,22906180,935040704.00
2017-08-11,40.30,40.90,39.60,39.64,23561244,944958208.00
2017-08-14,39.66,40.45,39.60,40.12,21084953,844438656.00
2017-08-15,40.12,40.12,39.64,39.77,24780374,986854464.00
2017-08-16,39.69,39.69,38.81,39.05,31826165,1243694720.00
2017-08-17,39.06,39.45,38.85,39.32,26038664,1017919360.00
2017-08-18,38.98,39.44,38.90,39.13,17084395,669361472.00
2017-08-21,39.12,39.87,38.95,39.71,22168379,878293312.00
2017-08-22,39.88,40.73,39.88,40.45,29682321,1201100032.00
2017-08-23,40.60,40.92,40.22,40.81,18080682,734549632.00
2017-08-24,40.98,41.55,40.95,41.52,33450867,1381480192.00
2017-08-25,41.83,42.00,41.47,41.90,34759225,1452770176.00
2017-08-28,42.00,42.59,41.95,42.27,35895607,1519785088.00
2017-08-29,42.38,42.47,41.50,41.70,23764808,994369280.00
2017-08-30,41.73,42.09,41.70,41.98,14924066,625646528.00
2017-08-31,41.97,42.18,40.38,41.00,46229662,1897402368.00
2017-09-01,41.16,41.43,40.50,40.84,30481215,1247809024.00
2017-09-04,40.83,41.52,40.62,41.36,27304359,1126919168.00
2017-09-05,41.35,41.80,40.90,41.41,25158242,1042408256.00
2017-09-06,41.50,41.58,40.73,40.97,17151743,703761920.00
2017-09-07,40.97,41.29,40.71,40.97,19205366,788505216.00
2017-09-08,40.98,41.23,40.73,40.99,17128418,701775680.00
2017-09-11,41.26,41.30,40.15,40.31,24046789,976858880.00
2017-09-12,40.27,40.39,39.69,40.22,31150030,1244801280.00
2017-09-13,40.29,41.19,40.07,41.19,27752314,1132987648.00
2017-09-14,41.12,41.31,40.54,40.90,15707238,643176832.00
2017-09-15,40.81,42.15,40.70,42.03,43362414,1810947712.00
2017-09-18,42.22,42.44,41.81,42.03,28821528,1214377088.00
2017-09-19,41.86,42.28,41.74,42.00,27063511,1138284672.00
2017-09-20,42.29,43.30,42.29,43.29,48886244,2099765376.00
2017-09-21,43.38,43.90,42.95,43.10,32622117,1416880384.00
2017-09-22,43.20,44.41,43.01,44.10,36755010,1616034688.00
2017-09-25,44.10,44.37,42.65,43.09,32661697,1426475136.00
2017-09-26,43.21,43.25,42.37,42.68,18245532,779859776.00
2017-09-27,42.59,44.00,42.59,43.81,23227331,1010546560.00
2017-09-28,43.77,43.84,42.81,43.43,23933935,1037368448.00
2017-09-29,43.60,44.60,43.21,44.19,25174214,1112118656.00
2017-10-09,44.80,47.10,44.47,46.47,41920536,1932882688.00
2017-10-10,46.47,46.98,45.38,46.66,37407346,1731026560.00
2017-10-11,46.25,47.98,46.25,47.10,41363337,1957611648.00
2017-10-12,47.30,48.00,46.98,47.68,21306740,1014602944.00
2017-10-13,47.60,48.16,47.00,47.68,19697715,938036288.00
2017-10-16,47.65,48.09,46.83,46.84,23805154,1128973824.00
2017-10-17,46.70,48.22,46.52,48.15,36346209,1733884800.00
2017-10-18,48.00,48.73,47.78,48.73,24221414,1166840576.00
2017-10-19,48.65,49.25,48.16,48.63,22164343,1079617024.00
2017-10-20,48.30,48.34,47.00,47.64,23929619,1137891968.00
2017-10-23,47.49,48.25,47.26,47.63,23285739,1110662784.00
2017-10-24,47.66,48.65,47.31,48.59,25010907,1206999168.00
2017-10-25,48.59,50.49,48.51,50.40,36001360,1792740992.00
2017-10-26,50.52,51.51,49.95,49.96,40079253,2028650880.00
2017-10-27,50.19,51.20,49.96,50.72,24075081,1216523648.00
2017-10-30,51.20,51.76,49.90,51.76,32499286,1651851008.00
2017-10-31,51.60,52.35,50.30,51.00,37760565,1936277376.00
2017-11-01,51.06,52.28,50.30,50.61,35858680,1834346496.00
2017-11-02,50.50,51.37,50.20,51.24,22831186,1161765248.00
2017-11-03,51.28,51.82,50.40,50.65,27045180,1378434432.00
2017-11-06,50.80,53.16,50.32,52.69,45891893,2386966272.00
2017-11-07,52.70,54.08,51.90,52.75,48327874,2551838720.00
2017-11-08,52.76,54.68,50.80,51.48,82439110,4344083456.00
2017-11-09,51.57,52.65,50.35,52.60,46254572,2381451776.00
2017-11-10,52.63,53.66,52.10,53.40,41188030,2190665728.00
2017-11-13,53.75,54.40,53.15,53.71,32995163,1775960576.00
2017-11-14,53.63,53.63,51.70,52.31,37915612,1992144128.00
2017-11-15,51.90,52.75,51.33,52.28,35900494,1870389632.00
2017-11-16,52.20,53.02,51.61,52.88,40644684,2128432512.00
2017-11-17,52.90,54.30,52.40,53.65,49510561,2649534464.00
2017-11-20,53.50,54.66,52.55,54.62,41519874,2233210112.00
2017-11-21,54.95,57.67,54.91,57.66,65145452,3696071424.00
2017-11-22,57.59,57.93,55.55,56.43,51109551,2899689984.00
2017-11-23,56.10,56.13,53.10,53.44,46045347,2521104128.00
2017-11-24,53.30,54.18,51.64,54.10,56545436,2988624896.00
2017-11-27,53.40,53.40,51.75,52.64,43389581,2272582912.00
2017-11-28,52.20,53.07,51.78,52.59,29884085,1561551104.00
2017-11-29,52.59,52.77,50.20,51.10,44736356,2288830976.00
2017-11-30,50.80,52.06,50.61,51.18,29733361,1521289728.00
2017-12-01,51.67,51.67,50.50,50.58,24294916,1238478336.00
2017-12-04,50.71,52.06,50.32,51.50,30062853,1544572416.00
2017-12-05,51.30,52.53,51.20,52.18,39244179,2041291136.00
2017-12-06,52.00,52.05,50.34,50.95,33188207,1695821952.00
2017-12-07,50.89,51.08,49.05,49.13,38042881,1893349760.00
2017-12-08,49.40,51.20,49.40,50.43,45882313,2316395264.00
2017-12-11,50.60,53.81,50.60,53.62,48072655,2520510720.00
2017-12-12,53.88,54.68,53.01,53.30,32142095,1729024768.00
2017-12-13,53.27,55.10,53.08,54.90,32577657,1770328832.00
2017-12-14,55.06,55.07,53.70,54.50,30514945,1659069440.00
2017-12-15,54.45,54.46,53.13,53.70,25802765,1385703936.00
2017-12-18,53.20,55.32,53.20,55.32,36266819,1990338304.00
2017-12-19,54.98,55.77,54.75,55.44,32728878,1808678016.00
2017-12-20,55.39,56.13,54.85,55.07,33082275,1838169600.00
2017-12-21,55.15,56.46,55.10,55.94,28896345,1615692928.00
2017-12-22,55.65,56.74,55.50,56.58,21377621,1200106880.00
2017-12-25,56.60,58.35,56.60,57.87,36405829,2101831808.00
2017-12-26,57.81,57.88,55.55,56.30,34915633,1971165568.00
2017-12-27,56.33,56.69,54.39,54.39,34708280,1915094400.00
2017-12-28,54.51,56.22,53.95,55.55,33099025,1832583936.00
2017-12-29,55.89,56.98,54.86,55.43,30633465,1715093888.00
2018-01-02,56.15,57.08,56.02,56.38,32972518,1866579456.00
2018-01-03,56.56,57.25,55.42,55.80,42836833,2412128000.00
2018-01-04,56.02,57.30,55.82,57.29,40555708,2306429696.00
2018-01-05,57.60,58.20,56.75,57.96,37185423,2137344256.00
2018-01-08,57.70,58.30,56.72,57.66,36788480,2115094016.00
2018-01-09,57.80,59.95,57.24,59.48,44805413,2638563328.00
2018-01-10,59.59,61.30,58.90,60.56,44896688,2694648832.00
2018-01-11,60.01,60.88,58.88,59.62,31603528,1888981504.00
2018-01-12,59.62,61.18,59.30,60.80,25290020,1525807232.00
2018-01-15,61.32,62.66,61.00,61.16,36722573,2266432768.00
2018-01-16,61.00,61.83,60.10,61.09,28936528,1768100992.00
2018-01-17,61.00,61.01,58.45,58.75,41403703,2459742720.00
2018-01-18,59.00,59.79,58.50,58.95,22378155,1323941760.00
2018-01-19,58.95,59.11,57.90,58.17,31387869,1830960768.00
2018-01-22,58.58,61.54,58.58,61.43,45850148,2764421376.00
2018-01-23,61.38,62.64,60.23,62.12,38647252,2373486848.00
2018-01-24,62.39,62.65,60.20,60.41,32612654,1984093184.00
2018-01-25,60.80,61.42,59.00,61.30,28256417,1707172480.00
2018-01-26,61.30,62.69,60.53,62.00,33351639,2063068416.00
2018-01-29,61.97,62.18,58.90,59.87,46708583,2810319360.00
2018-01-30,59.42,60.68,58.50,58.76,30951625,1841490304.00
2018-01-31,58.33,60.42,58.20,59.82,25407243,1512097792.00
2018-02-01,60.00,60.10,58.14,59.34,38003198,2240855808.00
2018-02-02,58.95,60.09,58.40,59.90,22489736,1339453824.00
2018-02-05,58.91,59.54,56.50,57.32,55463901,3207266048.00
2018-02-06,55.70,55.81,53.82,55.50,88034248,4837552640.00
2018-02-07,56.40,56.58,52.71,52.79,53353862,2912160512.00
2018-02-08,52.60,54.44,52.51,53.77,43978228,2353184000.00
2018-02-09,51.95,52.45,50.15,51.98,60364840,3107079168.00
2018-02-12,51.98,54.88,51.97,54.42,37456167,2020911744.00
2018-02-13,55.04,56.50,54.68,55.31,25892044,1439646720.00
2018-02-14,55.61,57.10,54.72,56.92,21957439,1235236224.00
2018-02-22,58.30,58.52,57.20,58.14,25152719,1461224832.00
2018-02-23,58.45,58.48,56.90,57.55,18050179,1039074368.00
2018-02-26,57.58,58.29,57.00,57.70,24626625,1424718720.00
2018-02-27,57.79,57.79,54.58,54.60,47885316,2667769344.00
2018-02-28,54.35,55.80,53.70,54.95,31872104,1752933248.00
2018-03-01,54.99,56.49,54.82,55.60,23790009,1325327488.00
2018-03-02,54.86,57.68,54.77,56.22,36490364,2064011392.00
2018-03-05,56.11,56.55,55.52,56.02,20417101,1142843136.00
2018-03-06,56.53,56.69,54.90,56.20,19503000,1084322688.00
2018-03-07,56.26,57.16,55.83,56.26,20892502,1183915648.00
2018-03-08,56.87,59.20,56.40,59.17,38051800,2206248704.00
数据来源:通达信
