603801 志邦股份 日线 不复权
      日期	    开盘	    最高	    最低	    收盘	    成交量	    成交额
2017-06-30,33.80,33.80,33.80,33.80,36546,1235255.00
2017-07-03,37.18,37.18,37.18,37.18,13700,509366.00
2017-07-04,40.90,40.90,40.90,40.90,35360,1446224.00
2017-07-05,44.99,44.99,44.99,44.99,103882,4673651.00
2017-07-06,49.49,49.49,46.76,48.42,20638652,993988416.00
2017-07-07,47.69,49.49,47.18,47.55,14986655,723082112.00
2017-07-10,45.35,45.99,42.80,43.16,12714814,562299776.00
2017-07-11,43.14,46.51,43.14,44.96,10177529,458957984.00
2017-07-12,44.32,45.12,43.17,44.51,5294374,232798464.00
2017-07-13,44.30,44.58,42.87,42.90,4724106,205664224.00
2017-07-14,42.28,43.49,41.89,42.16,3649146,155218480.00
2017-07-17,41.92,43.43,38.15,41.44,6041807,249083904.00
2017-07-18,40.80,42.39,40.20,42.25,3248767,135394320.00
2017-07-19,41.98,43.25,41.81,42.45,3372488,144139024.00
2017-07-20,42.65,43.00,42.00,42.43,2618203,111001216.00
2017-07-21,42.37,42.76,42.01,42.29,1688403,71627816.00
2017-07-24,42.22,44.20,42.02,43.71,2895078,125776600.00
2017-07-25,43.74,44.09,42.88,42.95,2129606,92262808.00
2017-07-26,42.95,43.30,42.01,43.10,1974302,84241928.00
2017-07-27,42.78,44.39,42.78,43.95,2936044,128769248.00
2017-07-28,43.60,44.98,43.51,44.11,2509742,111489216.00
2017-07-31,44.11,44.77,42.86,43.72,2644719,116641352.00
2017-08-01,43.41,44.11,42.90,43.42,2229995,96727936.00
2017-08-02,43.20,43.70,42.00,42.76,2375597,101158288.00
2017-08-03,42.46,42.84,42.00,42.54,958418,40658892.00
2017-08-04,42.43,42.83,41.08,41.55,1990936,83084296.00
2017-08-07,41.18,41.78,40.52,40.98,1546532,63578296.00
2017-08-08,41.30,41.37,40.82,41.00,710657,29164432.00
2017-08-09,41.19,41.80,40.90,41.38,650822,26943332.00
2017-08-10,41.38,41.62,40.82,41.05,714858,29488388.00
2017-08-11,40.80,41.28,40.78,41.00,662120,27179380.00
2017-08-14,41.07,41.80,41.07,41.63,674932,28087848.00
2017-08-15,41.69,41.98,41.33,41.71,621200,25894216.00
2017-08-16,41.83,41.99,41.50,41.89,866088,36193940.00
2017-08-17,41.83,42.00,41.57,41.69,625031,26075880.00
2017-08-18,41.60,41.78,41.02,41.48,608191,25185444.00
2017-08-21,41.31,42.00,41.31,41.71,666111,27810330.00
2017-08-22,41.87,41.95,41.48,41.55,411362,17148322.00
2017-08-23,41.70,41.87,41.38,41.68,503393,20935116.00
2017-08-24,41.62,41.82,41.13,41.30,838812,34849976.00
2017-08-25,41.48,41.94,41.10,41.91,918346,38265992.00
2017-08-28,42.00,44.42,41.96,43.71,2214856,96519408.00
2017-08-29,43.20,44.65,42.91,43.63,2590972,113690568.00
2017-08-30,43.25,44.38,43.01,43.13,1550427,67581424.00
2017-08-31,43.45,44.16,43.02,44.12,2277424,99542240.00
2017-09-01,44.36,44.97,43.20,43.63,1881241,82704600.00
2017-09-04,43.36,43.36,41.96,42.32,2397448,101850312.00
2017-09-05,42.10,42.40,41.79,42.24,1018117,42896976.00
2017-09-06,42.18,42.18,41.51,42.00,1251642,52454928.00
2017-09-07,41.91,43.18,41.91,42.00,1592913,67804584.00
2017-09-08,42.00,42.34,41.56,41.94,901174,37713736.00
2017-09-11,41.85,42.79,41.81,42.74,984600,41871432.00
2017-09-12,42.90,43.00,42.20,42.33,1159758,49270604.00
2017-09-13,42.20,42.48,41.90,42.30,747810,31516792.00
2017-09-14,42.30,42.65,42.10,42.52,748393,31750972.00
2017-09-15,42.50,43.30,42.31,43.03,1656455,71134408.00
2017-09-18,42.83,44.00,42.70,43.82,1565878,68146896.00
2017-09-19,43.77,43.91,42.83,43.11,1213936,52522960.00
2017-09-20,43.03,43.30,42.86,42.92,1050046,45202632.00
2017-09-21,43.14,43.20,42.02,42.11,1296006,55255228.00
2017-09-22,41.85,42.40,41.60,42.16,1081297,45397056.00
2017-09-25,42.05,42.45,41.72,42.07,588552,24853428.00
2017-09-26,42.41,42.41,41.20,41.33,1232996,51528768.00
2017-09-27,41.42,41.81,41.30,41.66,448136,18652308.00
2017-09-28,41.57,41.87,41.51,41.61,392452,16358301.00
2017-09-29,41.66,41.97,41.60,41.84,361895,15120693.00
2017-10-09,42.00,43.88,41.95,42.88,1159108,49994480.00
2017-10-10,42.60,44.66,42.60,44.25,2345903,102904168.00
2017-10-11,44.31,46.37,43.84,45.62,2772530,125231920.00
2017-10-12,45.62,45.62,44.37,45.22,1492000,66914392.00
2017-10-13,45.30,46.78,44.75,44.83,2055991,93983504.00
2017-10-16,45.30,46.46,44.56,45.39,1494252,68006488.00
2017-10-17,45.02,46.52,44.57,46.26,1427392,65458060.00
2017-10-18,46.20,47.47,45.68,46.10,1535540,71606544.00
2017-10-19,46.20,47.04,45.69,46.91,1061624,49415004.00
2017-10-20,46.65,46.99,45.55,45.96,785579,36168944.00
2017-10-23,45.96,47.77,45.82,47.64,1274732,59858124.00
2017-10-24,47.69,47.70,45.98,46.79,1308411,61505496.00
2017-10-25,46.90,48.41,46.23,48.04,1227564,58771228.00
2017-10-26,48.30,49.28,47.58,48.69,1625567,78657712.00
2017-10-27,48.69,52.46,48.69,51.42,2968742,150622576.00
2017-10-30,51.49,52.50,51.01,51.60,2825289,146251728.00
2017-10-31,51.55,51.85,50.15,51.28,1388521,70835760.00
2017-11-01,51.28,51.68,50.77,51.60,1563588,80030456.00
2017-11-02,51.00,51.50,49.88,50.05,1823608,91739104.00
2017-11-03,49.60,50.53,48.40,48.64,1583756,78168240.00
2017-11-06,48.98,51.00,48.80,50.61,1544227,77172408.00
2017-11-07,50.90,51.38,49.60,51.07,1068533,54302392.00
2017-11-08,50.89,51.70,50.30,50.54,865582,44272780.00
2017-11-09,51.03,52.30,50.33,52.24,1332361,68580248.00
2017-11-10,52.08,53.20,51.93,52.21,1049841,55111208.00
2017-11-13,52.09,55.38,52.00,55.06,1480344,79818608.00
2017-11-14,55.21,55.21,52.98,53.42,1332243,71827808.00
2017-11-15,53.23,55.16,52.82,54.71,1286114,69621184.00
2017-11-16,54.72,58.80,54.70,56.47,1446162,81932520.00
2017-11-17,55.80,56.48,53.50,54.56,1358115,74573416.00
2017-11-20,54.40,55.99,53.52,55.90,1037831,57260824.00
2017-11-21,55.81,56.79,52.70,53.74,1837963,99654928.00
2017-11-22,53.30,53.78,52.02,52.90,1126538,59618264.00
2017-11-23,52.80,52.80,49.42,49.48,1461748,74104960.00
2017-11-24,48.41,50.47,48.40,49.36,941394,46576060.00
2017-11-27,49.21,49.98,48.00,48.25,795718,39035872.00
2017-11-28,48.49,50.38,48.25,50.36,876258,43546532.00
2017-11-29,50.60,50.94,49.68,49.96,620460,31171316.00
2017-11-30,50.25,50.58,49.21,49.40,627400,31211972.00
2017-12-01,48.98,50.78,48.98,50.58,618285,31107828.00
2017-12-04,50.49,50.49,48.01,48.11,1062444,52056728.00
2017-12-05,48.05,48.98,47.60,47.97,711371,34288940.00
2017-12-06,48.00,48.70,47.03,48.34,664396,31768304.00
2017-12-07,48.35,48.80,48.00,48.00,450436,21765040.00
2017-12-08,48.29,48.88,47.63,48.37,1010077,48876496.00
2017-12-11,48.75,50.10,48.51,49.95,845248,41768136.00
2017-12-12,49.90,50.39,48.20,48.29,1055597,51919144.00
2017-12-13,48.50,49.36,48.10,49.19,767749,37383544.00
2017-12-14,49.48,51.28,48.83,50.49,1308771,65874660.00
2017-12-15,51.00,52.50,50.50,50.76,1396630,71881560.00
2017-12-18,50.60,52.30,50.04,50.76,954518,48500912.00
2017-12-19,50.80,53.69,50.52,53.03,2068956,107950024.00
2017-12-20,52.50,53.37,52.20,52.98,985034,52010584.00
2017-12-21,53.00,55.49,52.68,54.08,1490416,80814960.00
2017-12-22,54.08,54.79,53.75,54.30,718346,38967332.00
2017-12-25,54.20,54.68,52.62,52.88,982729,52460376.00
2017-12-26,52.88,54.00,52.79,53.23,1277423,68119656.00
2017-12-27,53.20,53.45,50.91,51.79,1082287,56571680.00
2017-12-28,51.82,52.35,51.20,51.80,841117,43566332.00
2017-12-29,51.99,52.24,51.24,51.68,502771,26011170.00
2018-01-02,52.00,53.18,51.70,52.14,1582415,82799416.00
2018-01-03,52.01,52.40,51.16,51.63,1683643,87052608.00
2018-01-04,51.72,54.14,51.39,54.01,1839793,97230816.00
2018-01-05,54.00,54.88,53.52,53.86,1726902,93467104.00
2018-01-08,54.15,55.00,53.82,54.52,1414140,76803512.00
2018-01-09,54.26,56.27,54.26,55.91,1252586,69527480.00
2018-01-10,55.19,56.30,54.90,55.08,1494549,83009808.00
2018-01-11,55.40,55.73,53.60,53.91,1408688,76918200.00
2018-01-12,54.15,54.80,53.96,54.52,724517,39396328.00
2018-01-15,54.50,56.08,54.30,55.27,1569805,86917856.00
2018-01-16,55.26,56.67,54.63,56.08,1462009,81812880.00
2018-01-17,55.87,57.00,55.01,55.68,1031473,57593040.00
2018-01-18,55.98,57.39,55.69,57.04,1512618,85685312.00
2018-01-19,57.30,57.60,56.20,56.55,995714,56571412.00
2018-01-22,56.53,56.54,55.01,55.98,1397057,78075832.00
2018-01-23,55.62,56.66,55.61,56.03,896468,50271232.00
2018-01-24,55.70,56.00,54.53,54.94,1223547,67337984.00
2018-01-25,54.95,55.45,54.65,54.92,802660,44146088.00
2018-01-26,54.88,55.98,54.70,55.89,1026350,57017100.00
2018-01-29,55.88,56.83,54.85,55.11,1051235,58647496.00
2018-01-30,55.16,56.28,54.57,54.93,839468,46586156.00
2018-01-31,54.90,58.78,54.63,58.00,2271981,130027200.00
2018-02-01,58.01,59.48,56.90,58.38,1795652,104599664.00
2018-02-02,57.50,59.18,56.50,59.04,1233969,71578816.00
2018-02-05,58.01,59.15,57.55,58.24,1186932,69333496.00
2018-02-06,57.00,57.32,52.42,52.92,2348182,128037040.00
2018-02-07,54.10,54.98,50.22,52.49,1411536,75401376.00
2018-02-08,52.50,53.78,51.51,53.75,690654,36637240.00
2018-02-09,51.70,53.95,50.00,51.89,1662862,86910432.00
2018-02-12,53.00,56.66,52.56,55.94,1703280,93510032.00
2018-02-13,56.77,60.20,56.77,60.10,1950940,115230912.00
2018-02-14,60.10,62.33,59.28,61.80,1612611,99092216.00
2018-02-22,61.80,64.19,61.25,62.58,1280362,80489048.00
2018-02-23,62.13,63.38,61.33,61.51,1151926,71316712.00
2018-02-26,62.24,62.99,60.53,61.81,1069016,65874976.00
2018-02-27,62.12,62.94,59.54,60.14,2086165,126186752.00
2018-02-28,59.24,60.69,59.15,60.16,1225166,73708904.00
2018-03-01,60.28,61.77,59.84,60.96,1225200,74475960.00
2018-03-02,60.41,63.00,60.03,62.72,1002818,61858344.00
2018-03-05,62.11,64.48,62.11,63.24,1284155,81572736.00
2018-03-06,62.88,63.70,62.66,63.29,942012,59382604.00
2018-03-07,63.00,63.00,61.90,62.52,656398,40999380.00
2018-03-08,62.90,64.95,61.96,64.87,988364,62605532.00
数据来源:通达信
